1 :  49   [[83, 41, 23], [83, 36, 29], [84, 45, 20], [98, 49], [79, 70], [90, 57], [96, 46], [93, 57], [92, 57], [98, 43], [84, 62], [93, 55], [84, 55], [86, 60], [82, 60], [91, 57], [87, 58], [67, 74], [94, 43], [80, 70], [96, 50], [79, 45, 26], [91, 59], [69, 73], [85, 64], [74, 69], [81, 58], [76, 66], [98, 46], [80, 69], [33, 85, 32], [84, 62], [82, 58], [73, 71], [78, 49], [78, 42, 25], [80, 70], [84, 42, 24], [78, 72], [78, 55], [38, 73, 38], [73, 44, 33], [43, 39, 42, 25], [49, 41, 47], [43, 41, 33, 32], [36, 42, 44, 27], [42, 28, 39, 38], [36, 37, 27, 35], [23, 30, 30, 30]]
2 :  49   [[98, 46], [84, 60], [94, 55], [92, 58], [83, 67], [96, 43], [93, 57], [80, 70], [91, 57], [87, 55], [93, 44], [98, 47], [42, 85, 23], [69, 73], [80, 69], [96, 46], [85, 62], [82, 64], [91, 49], [84, 62], [58, 76], [98, 42], [79, 69], [79, 58], [73, 73], [86, 57], [72, 70], [82, 66], [80, 70], [78, 49, 23], [90, 27, 32], [78, 42, 29], [74, 74], [78, 71], [57, 83], [84, 60], [84, 41, 25], [84, 59], [78, 45, 25], [73, 45, 30], [81, 44, 24], [50, 38, 55], [42, 49, 28, 30], [41, 43, 32, 33], [36, 43, 42, 27], [43, 38, 36, 26], [30, 41, 39, 35], [38, 39, 36, 37], [33, 33, 20]]
3 :  49   [[94, 55], [98, 43], [93, 57], [90, 58], [93, 49], [92, 49], [96, 47], [96, 44], [84, 64], [78, 67], [79, 70], [98, 50], [81, 60], [98, 42], [85, 59], [86, 62], [80, 69], [84, 44, 20], [41, 84, 24], [82, 62], [55, 87], [74, 57], [73, 70], [84, 41, 25], [84, 66], [91, 58], [91, 58], [60, 80], [73, 76], [82, 55], [78, 46, 26], [69, 73], [41, 85, 23], [83, 43, 23], [83, 57], [80, 69], [78, 70], [79, 71], [57, 46, 45], [78, 42, 30], [74, 73], [72, 42, 36], [43, 42, 39, 25], [42, 45, 49], [33, 43, 35, 39], [37, 38, 29, 38], [36, 38, 36, 32], [28, 32, 30, 27, 30], [33, 33, 27]]
4 :  49   [[84, 55], [92, 58], [96, 50], [86, 58], [98, 49], [70, 80], [60, 84], [91, 57], [82, 62], [98, 49], [83, 60], [93, 57], [98, 49], [93, 57], [94, 55], [81, 69], [87, 58], [91, 39], [43, 96], [85, 57], [42, 72, 36], [90, 59], [78, 70], [84, 64], [82, 66], [73, 70], [84, 39, 27], [76, 74], [85, 62], [73, 74], [78, 71], [84, 33, 33], [79, 69], [80, 69], [78, 67], [83, 44, 23], [80, 46, 23], [73, 38, 36], [42, 79, 26], [78, 45, 25], [43, 73, 32], [55, 47, 46], [45, 42, 42, 20], [43, 36, 38, 30], [41, 35, 29, 43], [44, 32, 41, 30], [42, 41, 33, 24], [37, 38, 30, 28], [27, 25]]
5 :  49   [[84, 58], [85, 60], [98, 32], [90, 55], [87, 62], [86, 62], [84, 66], [79, 69], [96, 50], [94, 38], [98, 43], [92, 57], [91, 46], [73, 73], [74, 76], [79, 71], [83, 49], [91, 59], [84, 57], [96, 49], [80, 69], [82, 57], [80, 58], [93, 55], [73, 74], [93, 57], [83, 29, 38], [78, 69], [84, 42, 23], [98, 45], [82, 67], [85, 64], [84, 60], [78, 70], [70, 80], [72, 73], [58, 49, 39], [42, 78, 30], [43, 78, 26], [81, 39, 30], [70, 55, 25], [41, 44, 43, 20], [41, 47, 36, 25], [45, 42, 36, 27], [30, 41, 44, 35], [36, 38, 43, 28], [42, 32, 33, 33], [46, 42, 37, 24], [33, 27, 23]]
6 :  49   [[91, 30, 29], [93, 55], [84, 41, 23], [92, 58], [98, 44], [94, 55], [90, 60], [83, 62], [96, 43], [98, 43], [70, 80], [70, 80], [96, 50], [85, 32, 27], [74, 74], [83, 41, 26], [93, 46], [82, 66], [91, 59], [87, 62], [85, 47], [98, 41], [73, 76], [84, 49], [49, 82], [78, 57], [84, 60], [73, 43, 33], [79, 67], [79, 70], [78, 69], [72, 73], [84, 25, 39], [84, 64], [49, 73, 28], [78, 57], [81, 69], [86, 42, 20], [71, 78], [69, 80], [57, 58, 33], [42, 55, 46], [57, 58, 35], [36, 42, 43, 27], [45, 42, 36, 24], [45, 42, 25, 38], [32, 38, 44, 36], [38, 39, 33, 23], [37, 30, 30]]
7 :  49   [[55, 80], [90, 58], [92, 58], [57, 84], [69, 73], [91, 47], [98, 46], [93, 49], [96, 43], [78, 57], [98, 50], [98, 43], [96, 45], [78, 43, 28], [85, 55], [83, 64], [84, 49], [78, 46, 26], [94, 45], [78, 70], [76, 71], [80, 69], [73, 73], [86, 62], [93, 57], [84, 33, 30], [82, 59], [36, 85, 27], [84, 42, 24], [87, 62], [72, 74], [30, 82, 38], [91, 57], [41, 84, 25], [81, 37, 30], [79, 70], [70, 80], [79, 69], [43, 67, 39], [74, 73], [83, 41, 25], [60, 60, 27], [35, 39, 66], [58, 55, 36], [42, 44, 41, 23], [49, 33, 42, 23], [32, 33, 44, 38], [42, 36, 38, 32], [42, 29, 20]]
8 :  49   [[91, 55], [83, 64], [84, 66], [80, 42, 27], [79, 69], [91, 57], [58, 84], [98, 46], [87, 57], [79, 71], [98, 44], [84, 60], [96, 43], [84, 57], [42, 69, 38], [85, 62], [80, 41, 25], [93, 55], [92, 28, 26], [94, 49], [93, 55], [98, 50], [73, 73], [85, 60], [90, 59], [96, 49], [74, 69], [67, 76], [70, 78], [70, 80], [83, 62], [84, 44, 20], [78, 72], [81, 58], [78, 70], [86, 57], [42, 78, 30], [73, 73], [82, 43, 23], [74, 49, 25], [82, 36, 32], [39, 42, 43, 24], [58, 45, 43], [30, 42, 36, 39], [45, 38, 46], [36, 41, 38, 30], [47, 41, 37, 23], [35, 29, 33, 27], [33, 33, 32]]
9 :  49   [[98, 49], [96, 49], [98, 45], [96, 41], [94, 55], [90, 55], [84, 66], [60, 86], [85, 42, 23], [80, 64], [73, 70], [44, 83, 23], [91, 57], [73, 70], [84, 47], [84, 57], [67, 80], [71, 76], [92, 58], [93, 57], [93, 50], [74, 69], [85, 62], [78, 70], [91, 58], [87, 60], [83, 59], [78, 72], [79, 69], [80, 45, 25], [98, 49], [84, 42, 24], [62, 78], [73, 57], [84, 55], [79, 69], [74, 73], [33, 42, 43, 30], [82, 43, 25], [39, 82, 29], [78, 42, 30], [43, 46, 58], [81, 44, 20], [46, 39, 36, 26], [43, 38, 35, 32], [37, 33, 36, 38], [42, 36, 38, 30], [41, 41, 33, 28], [32, 27, 27]]
10 :  49   [[83, 62], [98, 49], [92, 57], [94, 55], [96, 46], [86, 58], [90, 59], [96, 41], [91, 36, 23], [79, 69], [98, 45], [84, 55], [78, 70], [98, 43], [60, 87], [82, 50], [85, 60], [80, 70], [93, 57], [93, 57], [83, 42, 24], [78, 70], [71, 67], [85, 62], [91, 57], [81, 58], [84, 44, 20], [80, 66], [74, 73], [76, 72], [84, 39, 25], [82, 43, 25], [84, 58], [78, 69], [80, 64], [74, 42, 33], [79, 69], [38, 84, 27], [73, 73], [42, 78, 30], [47, 73, 30], [33, 44, 49, 23], [55, 38, 49], [38, 43, 32, 36], [46, 43, 39], [35, 42, 29, 41], [45, 37, 41, 27], [28, 42, 30, 36], [26, 32, 33]]
11 :  49   [[93, 55], [62, 69], [80, 70], [85, 57], [80, 41, 27], [96, 49], [64, 84], [60, 90], [83, 59], [41, 96], [98, 42], [92, 58], [58, 87], [74, 73], [94, 55], [71, 78], [49, 55, 46], [76, 70], [98, 45], [84, 66], [93, 57], [98, 49], [84, 57], [82, 67], [85, 62], [44, 91], [83, 60], [86, 57], [78, 43, 27], [84, 42, 24], [79, 70], [84, 47], [69, 72], [80, 43, 25], [79, 69], [78, 42, 28], [91, 58], [82, 45, 23], [73, 73], [78, 42, 30], [73, 46, 29], [32, 81, 36], [74, 44, 25], [43, 41, 33, 33], [38, 38, 50, 23], [39, 36, 42, 33], [39, 43, 30, 36], [38, 37, 32, 30], [35, 26, 20]]
12 :  49   [[96, 49], [70, 78], [92, 55], [82, 64], [98, 46], [79, 59], [57, 93], [98, 39], [94, 30, 26], [90, 58], [85, 60], [91, 57], [96, 43], [93, 57], [80, 43, 25], [83, 42, 25], [86, 58], [73, 49, 28], [87, 55], [91, 46], [84, 62], [85, 58], [98, 42], [76, 43, 30], [84, 29, 35], [84, 66], [70, 80], [70, 80], [72, 73], [83, 67], [73, 73], [84, 62], [71, 60], [78, 41, 30], [78, 69], [82, 49], [84, 44, 20], [74, 74], [81, 69], [78, 57], [79, 69], [50, 55, 45], [42, 45, 38, 23], [41, 47, 37, 24], [33, 42, 38, 27], [33, 43, 44, 27], [42, 36, 41, 23], [39, 36, 32, 38], [36, 33, 32]]
13 :  49   [[92, 58], [90, 42], [91, 57], [98, 46], [84, 58], [98, 47], [85, 64], [80, 70], [79, 46, 25], [98, 50], [79, 71], [76, 73], [85, 60], [96, 42], [91, 49], [78, 70], [94, 55], [84, 66], [57, 93], [96, 49], [80, 69], [93, 55], [41, 73, 35], [84, 33, 33], [87, 58], [82, 67], [86, 44], [78, 55], [82, 43, 25], [74, 74], [81, 69], [32, 84, 33], [83, 57], [70, 78], [84, 27, 39], [73, 69], [83, 62], [78, 72], [80, 44, 24], [62, 73], [57, 36, 42], [60, 45, 42], [41, 38, 26, 45], [59, 49, 41], [43, 36, 42, 27], [43, 39, 37, 30], [38, 43, 38, 30], [36, 32, 30, 29, 23], [23, 28, 20]]
14 :  49   [[69, 80], [98, 46], [79, 67], [91, 58], [87, 62], [98, 49], [96, 49], [78, 70], [92, 58], [91, 55], [80, 50], [96, 46], [83, 66], [84, 62], [78, 69], [76, 43, 27], [86, 57], [84, 36, 28], [80, 70], [79, 70], [94, 44], [93, 57], [82, 60], [93, 57], [73, 74], [73, 72], [98, 42], [78, 71], [90, 55], [82, 43, 23], [85, 64], [60, 84], [85, 57], [78, 45, 27], [84, 59], [81, 43, 25], [83, 58], [84, 49], [42, 74, 33], [73, 42, 33], [73, 45, 30], [69, 32, 38], [41, 55, 47], [41, 44, 43, 20], [39, 42, 38, 30], [42, 36, 41, 30], [38, 39, 36, 37], [26, 33, 35, 32, 24], [29, 25, 23]]
15 :  49   [[98, 49], [93, 57], [80, 70], [87, 59], [81, 41, 27], [70, 37, 43], [96, 43], [98, 49], [84, 62], [94, 55], [83, 60], [55, 80], [84, 66], [76, 73], [98, 50], [64, 84], [78, 42, 30], [86, 58], [90, 55], [96, 47], [85, 57], [91, 57], [84, 62], [80, 70], [92, 58], [82, 67], [69, 73], [69, 79], [91, 58], [83, 49], [74, 73], [84, 45, 20], [82, 38, 29], [85, 57], [93, 46], [79, 60], [78, 43, 25], [78, 72], [41, 78, 30], [74, 69], [71, 44, 35], [36, 73, 41], [45, 39, 44], [42, 33, 38, 32], [38, 33, 42, 33], [39, 43, 42, 25], [36, 46, 42, 24], [36, 32, 30, 27, 23], [26, 28, 23]]
16 :  49   [[96, 42], [96, 46], [93, 57], [78, 69], [74, 66], [91, 49], [92, 58], [72, 76], [73, 70], [64, 85], [82, 45, 23], [94, 55], [98, 43], [98, 43], [80, 70], [84, 49], [58, 84], [90, 58], [60, 87], [84, 62], [84, 62], [93, 57], [98, 47], [78, 69], [91, 57], [81, 69], [80, 70], [79, 60], [85, 59], [80, 67], [82, 44, 24], [84, 55], [83, 42, 25], [73, 46, 30], [78, 71], [86, 57], [79, 39, 32], [83, 55], [74, 73], [78, 42, 29], [42, 73, 32], [41, 30, 42, 33], [43, 45, 50], [41, 39, 49, 20], [38, 38, 41, 33], [27, 44, 36, 37], [36, 43, 38, 33], [36, 35, 23, 27, 25], [26, 30, 28]]
17 :  49   [[94, 47], [93, 30, 27], [98, 46], [92, 58], [96, 44], [98, 49], [83, 66], [98, 43], [91, 58], [93, 42], [90, 60], [82, 58], [80, 70], [70, 79], [72, 78], [84, 62], [78, 69], [80, 45, 25], [91, 59], [86, 29, 32], [82, 64], [85, 55], [81, 69], [96, 45], [73, 73], [74, 73], [84, 62], [85, 38, 25], [84, 42, 24], [87, 57], [84, 60], [79, 70], [78, 71], [84, 57], [69, 80], [83, 67], [74, 76], [57, 43, 50], [57, 78], [73, 42, 32], [55, 55, 38], [46, 33, 30, 41], [42, 42, 23, 41], [41, 39, 49, 20], [43, 36, 38, 30], [43, 37, 49], [39, 33, 44, 33], [36, 36, 35, 28], [26, 27, 23]]
18 :  49   [[84, 64], [96, 50], [98, 42], [78, 43, 29], [92, 58], [84, 49], [91, 57], [94, 46], [78, 72], [80, 69], [82, 60], [86, 57], [91, 58], [73, 73], [93, 55], [98, 47], [96, 45], [66, 83], [82, 67], [84, 58], [98, 43], [85, 42, 23], [81, 46, 23], [90, 49], [93, 57], [78, 70], [80, 70], [74, 76], [70, 78], [80, 69], [83, 60], [79, 62], [85, 55], [87, 57], [79, 71], [74, 69], [37, 73, 39], [73, 62], [84, 59], [84, 33, 32], [55, 49, 42], [44, 41, 38, 26], [38, 38, 42, 30], [42, 45, 39, 24], [44, 43, 33, 27], [36, 43, 41, 30], [33, 35, 41, 30], [25, 36, 36, 32, 20], [28, 27, 25]]
19 :  49   [[94, 41], [78, 70], [91, 58], [87, 60], [80, 69], [74, 74], [78, 64], [98, 47], [79, 70], [85, 55], [57, 70, 23], [96, 43], [98, 42], [96, 38], [83, 32, 28], [86, 62], [80, 67], [98, 45], [57, 92], [49, 93], [76, 73], [90, 59], [83, 62], [85, 60], [71, 79], [82, 66], [93, 57], [84, 57], [91, 55], [84, 36, 30], [82, 58], [80, 39, 25], [44, 84, 20], [50, 72, 27], [84, 49], [49, 73, 27], [78, 69], [84, 42, 24], [69, 81], [78, 46, 26], [33, 73, 39], [73, 33, 38], [44, 58, 36], [45, 55, 43], [38, 42, 43, 25], [43, 36, 30, 41], [46, 41, 32, 29], [42, 42, 35, 30], [37, 23, 33]]
20 :  49   [[86, 60], [84, 58], [96, 46], [84, 66], [84, 57], [78, 42, 30], [98, 49], [96, 42], [93, 55], [85, 60], [98, 45], [73, 74], [79, 70], [90, 55], [92, 57], [80, 59], [98, 43], [94, 50], [91, 58], [82, 36, 28], [87, 62], [84, 64], [76, 72], [73, 73], [82, 67], [70, 38, 41], [85, 55], [83, 43, 23], [78, 71], [79, 69], [73, 74], [93, 57], [80, 69], [62, 84], [49, 91], [83, 58], [78, 70], [81, 43, 26], [78, 45, 20], [69, 80], [38, 57, 30, 25], [47, 44, 49], [41, 36, 42, 30], [39, 35, 44, 32], [41, 38, 43, 25], [42, 36, 37, 33], [42, 46, 33, 27], [33, 39, 32, 29], [27, 24, 23]]
21 :  49   [[98, 49], [98, 46], [90, 57], [64, 84], [94, 55], [78, 70], [79, 70], [81, 69], [93, 43], [67, 57, 26], [91, 55], [96, 41], [86, 58], [83, 47], [85, 62], [96, 50], [91, 58], [98, 43], [92, 58], [84, 42, 23], [87, 62], [74, 74], [80, 69], [93, 57], [79, 69], [82, 60], [78, 70], [72, 78], [83, 38, 27], [84, 60], [85, 59], [73, 73], [84, 42, 24], [80, 55], [80, 66], [71, 46, 33], [44, 41, 39, 25], [82, 45, 23], [73, 73], [76, 49, 25], [78, 45, 27], [84, 57], [30, 44, 36, 37], [30, 43, 49, 28], [42, 32, 30, 43], [42, 41, 38, 29], [42, 38, 39, 20], [36, 33, 32, 35], [36, 33]]
22 :  49   [[84, 66], [93, 55], [82, 39, 27], [91, 55], [92, 57], [98, 45], [98, 49], [94, 49], [84, 64], [96, 42], [98, 49], [85, 62], [85, 58], [78, 71], [93, 28, 29], [80, 59], [30, 83, 37], [84, 57], [78, 70], [96, 50], [72, 70], [84, 60], [79, 58], [62, 81], [87, 57], [79, 69], [90, 58], [47, 70, 33], [86, 60], [83, 57], [78, 69], [91, 39], [80, 43, 24], [74, 76], [78, 67], [84, 42, 23], [36, 73, 41], [82, 55], [74, 73], [44, 73, 33], [69, 80], [73, 46, 30], [46, 33, 45, 25], [43, 38, 36, 32], [42, 42, 44, 20], [35, 38, 43, 32], [41, 30, 42, 36], [43, 41, 38, 27], [25, 26, 23]]
23 :  49   [[87, 59], [80, 69], [94, 55], [93, 57], [91, 55], [84, 30, 33], [80, 60], [98, 47], [91, 57], [86, 62], [98, 49], [90, 58], [98, 49], [85, 43, 20], [96, 43], [92, 58], [78, 72], [96, 27, 26], [70, 79], [84, 42, 24], [84, 60], [71, 78], [80, 70], [81, 67], [70, 74], [78, 69], [84, 55], [73, 69], [93, 57], [85, 62], [83, 64], [82, 66], [84, 57], [76, 37, 30], [79, 49], [73, 73], [83, 58], [82, 41, 25], [78, 45, 27], [74, 73], [46, 43, 41], [44, 36, 46, 23], [43, 38, 42, 25], [42, 45, 50], [32, 36, 44, 38], [39, 39, 42, 28], [42, 41, 38, 29], [36, 32, 33, 33], [35, 30, 23]]
24 :  49   [[91, 58], [96, 49], [92, 57], [90, 58], [60, 81], [84, 55], [71, 79], [93, 57], [98, 49], [98, 43], [78, 70], [80, 37, 33], [96, 50], [86, 60], [87, 62], [93, 57], [98, 49], [91, 42], [79, 69], [94, 46], [82, 67], [84, 62], [85, 35, 30], [59, 83], [83, 66], [84, 43, 23], [85, 38, 27], [80, 42, 28], [70, 73], [84, 39, 24], [82, 64], [76, 73], [78, 70], [58, 45, 47], [78, 72], [69, 73], [73, 74], [57, 69, 20], [44, 80, 25], [84, 30, 32], [74, 38, 36], [33, 41, 55], [78, 46, 26], [42, 41, 42, 23], [45, 38, 30, 36], [55, 44, 41], [43, 39, 42, 25], [43, 33, 36, 32], [29, 27]]
25 :  49   [[93, 57], [86, 59], [98, 49], [96, 50], [94, 55], [92, 58], [85, 62], [90, 55], [84, 38, 28], [82, 67], [96, 44], [84, 66], [80, 64], [80, 69], [78, 71], [74, 73], [79, 69], [83, 58], [81, 69], [91, 57], [98, 49], [85, 62], [93, 57], [91, 57], [84, 60], [84, 33, 30], [78, 45, 27], [79, 70], [74, 73], [45, 80, 25], [60, 87], [82, 55], [78, 72], [98, 44], [73, 73], [76, 58], [84, 47], [78, 70], [83, 49], [46, 70, 33], [46, 42, 38, 23], [41, 42, 42, 25], [36, 37, 43, 33], [39, 43, 41, 26], [42, 42, 43, 23], [41, 43, 38, 27], [35, 30, 24, 32, 29], [39, 36, 32, 30], [36, 20]]
26 :  49   [[91, 57], [98, 49], [98, 45], [81, 62], [82, 64], [93, 57], [84, 44, 20], [83, 47], [85, 55], [91, 50], [83, 42, 25], [90, 60], [96, 29, 25], [94, 55], [98, 43], [84, 59], [93, 57], [80, 69], [80, 70], [96, 39], [86, 58], [92, 58], [87, 60], [73, 74], [84, 62], [73, 73], [78, 70], [76, 74], [85, 57], [84, 66], [78, 55], [71, 69], [79, 70], [84, 42, 24], [78, 72], [80, 69], [78, 67], [46, 82], [49, 73, 27], [79, 42, 27], [46, 49, 43], [42, 36, 41, 30], [44, 36, 58], [45, 33, 43, 26], [38, 38, 42, 32], [36, 37, 39, 35], [30, 41, 38, 41], [43, 33, 33, 32], [30, 28, 23, 23]]
27 :  49   [[80, 70], [98, 49], [98, 50], [96, 43], [87, 58], [96, 49], [80, 70], [98, 41], [82, 58], [92, 58], [85, 62], [86, 59], [93, 57], [78, 42, 25], [83, 66], [94, 55], [72, 74], [84, 60], [85, 57], [90, 55], [84, 55], [82, 67], [73, 73], [84, 62], [93, 57], [91, 49], [91, 47], [73, 71], [84, 64], [83, 44, 23], [84, 60], [78, 70], [69, 79], [78, 69], [79, 69], [46, 81, 23], [78, 45, 27], [73, 43, 33], [80, 42, 28], [74, 76], [42, 57, 45], [42, 38, 46, 24], [38, 43, 44, 25], [41, 36, 41, 32], [42, 35, 39, 33], [36, 39, 38, 37], [36, 43, 32, 33], [30, 30, 30, 29, 27], [26, 20]]
28 :  49   [[80, 62], [93, 55], [96, 50], [98, 45], [96, 44], [93, 57], [84, 55], [98, 42], [92, 57], [91, 49], [85, 60], [78, 69], [73, 73], [98, 49], [70, 78], [76, 44, 27], [94, 47], [74, 73], [85, 62], [70, 80], [90, 58], [78, 39, 32], [70, 79], [86, 58], [80, 46, 23], [83, 64], [83, 57], [84, 43, 23], [84, 57], [84, 66], [91, 58], [84, 60], [87, 55], [82, 67], [72, 78], [82, 43, 25], [79, 69], [59, 81], [73, 71], [74, 41, 28], [41, 69, 39], [41, 43, 38, 27], [46, 36, 42, 25], [42, 33, 49, 26], [30, 42, 29, 33], [38, 38, 42, 30], [33, 43, 45, 24], [37, 32, 36, 35], [36, 30, 20]]
29 :  49   [[94, 55], [70, 78], [78, 45, 25], [62, 83], [98, 50], [84, 33, 30], [98, 49], [84, 47], [84, 66], [96, 46], [91, 58], [93, 57], [93, 57], [91, 57], [85, 64], [96, 49], [98, 41], [79, 60], [82, 32, 36], [85, 55], [79, 69], [86, 44], [92, 57], [84, 43, 23], [84, 59], [90, 58], [83, 60], [80, 69], [81, 67], [55, 87], [80, 70], [80, 42, 23], [73, 74], [73, 69], [72, 46, 30], [82, 62], [78, 71], [78, 70], [76, 73], [74, 73], [42, 58, 49], [43, 36, 41, 28], [38, 45, 43, 24], [42, 39, 43, 26], [33, 42, 44, 29], [41, 38, 33, 37], [42, 38, 36, 32], [39, 35, 25, 30, 20], [27, 27]]
30 :  49   [[82, 67], [93, 57], [58, 80], [93, 57], [98, 49], [92, 58], [76, 46, 28], [94, 55], [55, 47, 42], [43, 85, 20], [81, 69], [79, 69], [91, 57], [96, 49], [78, 60], [87, 59], [82, 62], [70, 80], [98, 45], [73, 74], [78, 72], [96, 49], [70, 78], [98, 43], [91, 58], [43, 83, 24], [74, 73], [79, 33, 37], [55, 86], [84, 66], [85, 64], [84, 62], [84, 57], [90, 60], [83, 43, 23], [84, 36, 29], [84, 41, 25], [70, 73], [80, 41, 27], [69, 78], [42, 73, 33], [71, 50, 27], [44, 38, 44, 23], [38, 45, 38, 26], [46, 39, 42], [39, 42, 30, 36], [32, 33, 42, 41], [30, 36, 30, 35], [32, 25]]
31 :  49   [[85, 57], [91, 59], [98, 42], [84, 60], [86, 62], [66, 70], [91, 57], [96, 38], [82, 67], [94, 46], [98, 49], [84, 58], [70, 78], [85, 55], [93, 57], [81, 69], [98, 49], [72, 78], [84, 60], [78, 70], [73, 74], [84, 62], [82, 47, 20], [73, 74], [83, 39, 28], [83, 57], [87, 55], [79, 69], [73, 44, 32], [92, 58], [93, 50], [80, 69], [96, 49], [80, 45, 23], [84, 30, 35], [90, 58], [78, 43, 26], [76, 73], [80, 46, 24], [79, 71], [64, 42, 42], [33, 41, 32, 41], [55, 39, 44], [43, 41, 45], [43, 43, 38, 25], [33, 42, 36, 36], [42, 38, 30, 37], [36, 29, 27, 27, 23], [33, 30, 25]]
32 :  49   [[96, 49], [80, 70], [96, 44], [98, 49], [98, 50], [85, 59], [93, 57], [87, 58], [73, 73], [98, 46], [76, 49, 25], [91, 58], [92, 58], [90, 57], [84, 60], [94, 55], [83, 67], [84, 38, 27], [93, 57], [66, 80], [86, 60], [84, 62], [82, 64], [62, 55, 32], [74, 69], [73, 73], [69, 81], [91, 57], [83, 45, 20], [84, 42, 24], [84, 55], [79, 69], [85, 43], [78, 72], [74, 70], [78, 71], [79, 70], [78, 46, 25], [80, 43, 26], [82, 38, 30], [37, 78, 33], [43, 41, 42, 23], [42, 41, 38, 28], [30, 44, 47, 29], [43, 33, 39, 33], [41, 32, 42, 35], [45, 36, 42, 27], [39, 30, 36, 36], [23]]
33 :  49   [[94, 55], [98, 49], [93, 33, 24], [62, 79], [87, 55], [80, 70], [96, 49], [59, 84], [91, 57], [83, 57], [83, 64], [98, 45], [82, 60], [92, 58], [98, 49], [91, 58], [86, 57], [84, 41, 25], [73, 62], [79, 69], [96, 46], [84, 42, 23], [84, 58], [90, 55], [85, 60], [93, 57], [41, 81, 28], [76, 67], [78, 72], [80, 42, 23], [84, 66], [70, 78], [80, 69], [78, 69], [70, 74], [71, 73], [85, 39, 26], [82, 46, 20], [36, 78, 36], [73, 73], [74, 42, 30], [45, 50, 43], [47, 38, 33, 32], [38, 30, 43, 38], [42, 33, 44, 27], [43, 41, 39, 27], [44, 37, 43, 25], [35, 42, 36, 32], [30, 29]]
34 :  49   [[96, 49], [87, 57], [73, 73], [93, 57], [91, 46], [94, 55], [96, 42], [98, 50], [91, 49], [98, 49], [73, 73], [86, 57], [84, 60], [84, 45, 20], [93, 57], [82, 67], [98, 46], [70, 80], [69, 81], [84, 59], [85, 58], [92, 58], [74, 76], [78, 70], [85, 58], [84, 66], [83, 64], [84, 42, 23], [78, 69], [82, 60], [62, 78], [79, 71], [79, 43, 28], [55, 90], [80, 70], [80, 69], [83, 42, 25], [72, 74], [62, 78], [30, 29, 55, 36], [41, 43, 36, 26], [44, 37, 47], [36, 33, 41, 35], [44, 39, 42, 25], [39, 43, 33, 32], [41, 43, 42, 24], [38, 38, 45, 27], [38, 30, 27, 23, 32], [33, 30]]
35 :  49   [[94, 25, 30], [91, 57], [98, 50], [73, 70], [80, 70], [98, 49], [92, 58], [86, 58], [84, 62], [84, 60], [98, 49], [87, 55], [93, 43], [96, 49], [71, 78], [96, 42], [80, 70], [80, 69], [79, 69], [84, 64], [73, 72], [84, 41, 24], [84, 66], [85, 60], [93, 57], [83, 62], [90, 58], [91, 55], [78, 45, 25], [79, 69], [85, 57], [81, 46, 23], [74, 67], [83, 43, 23], [78, 42, 30], [78, 59], [32, 82, 33], [82, 42, 26], [76, 73], [74, 45, 27], [73, 38, 36], [57, 47, 42], [55, 41, 44], [43, 46, 44], [39, 33, 43, 35], [41, 32, 39, 33], [42, 38, 36, 30], [38, 28, 37, 36], [29, 27, 20]]
36 :  49   [[98, 49], [78, 70], [80, 57], [70, 78], [96, 46], [85, 58], [98, 38], [84, 60], [92, 57], [94, 41], [96, 49], [93, 57], [79, 69], [91, 59], [80, 44, 26], [93, 47], [98, 50], [81, 69], [90, 55], [80, 62], [91, 58], [86, 55], [85, 55], [74, 76], [83, 62], [84, 60], [87, 57], [84, 43, 23], [78, 71], [73, 73], [82, 45, 23], [83, 67], [84, 42, 24], [73, 74], [82, 66], [70, 72], [84, 64], [79, 69], [78, 58], [46, 36, 42, 25], [73, 45, 30], [49, 39, 37, 25], [43, 42, 36, 29], [44, 32, 41, 33], [43, 42, 41, 20], [38, 33, 43, 36], [42, 30, 33, 38], [27, 39, 35, 27], [28, 30, 32]]
37 :  49   [[93, 44], [78, 70], [84, 59], [91, 57], [93, 57], [85, 37, 27], [98, 46], [74, 74], [98, 47], [92, 57], [80, 70], [83, 60], [50, 98], [69, 80], [90, 57], [91, 46], [82, 58], [94, 55], [96, 49], [84, 66], [84, 60], [96, 49], [87, 62], [81, 43, 25], [28, 83, 36], [85, 64], [86, 55], [78, 45, 24], [71, 78], [80, 43, 27], [84, 41, 23], [73, 73], [69, 73], [76, 70], [78, 67], [79, 69], [73, 72], [82, 42, 26], [84, 58], [79, 35, 36], [55, 41, 43], [43, 49, 58], [42, 62, 42], [39, 42, 25, 38], [45, 42, 30, 33], [41, 36, 38, 33], [44, 39, 38, 29], [32, 33, 30, 32, 23], [30, 20]]
38 :  49   [[91, 46], [80, 70], [84, 58], [72, 78], [96, 47], [98, 50], [96, 49], [98, 49], [79, 69], [79, 70], [94, 55], [82, 62], [82, 67], [93, 57], [73, 73], [80, 60], [70, 78], [93, 57], [84, 66], [92, 58], [90, 58], [98, 46], [84, 55], [80, 69], [73, 74], [87, 38, 25], [85, 62], [91, 59], [86, 64], [83, 57], [85, 60], [83, 39, 25], [78, 71], [84, 57], [84, 49], [78, 69], [81, 42, 24], [73, 74], [76, 43, 30], [55, 42, 43], [45, 42, 33, 28], [33, 44, 43, 27], [43, 44, 30, 32], [37, 36, 41, 36], [45, 42, 39, 23], [41, 38, 36, 35], [38, 42, 33, 30], [41, 32, 23, 29, 20], [27, 26]]
39 :  49   [[98, 49], [98, 50], [91, 58], [82, 62], [91, 59], [81, 69], [98, 46], [93, 57], [84, 62], [72, 78], [79, 70], [96, 47], [93, 57], [80, 69], [87, 57], [96, 49], [94, 55], [85, 60], [92, 55], [90, 37, 23], [73, 74], [82, 55], [86, 64], [74, 70], [84, 39, 25], [79, 71], [67, 83], [85, 60], [84, 58], [80, 69], [80, 70], [73, 58], [76, 73], [84, 66], [78, 45, 27], [78, 30, 42], [83, 44, 23], [84, 38, 27], [42, 78, 29], [73, 43, 33], [49, 44, 43], [46, 41, 45], [57, 43, 36], [41, 36, 42, 30], [41, 43, 32, 33], [38, 39, 35, 36], [42, 42, 38, 28], [33, 32, 30, 26, 25], [24, 20]]
40 :  49   [[69, 80], [78, 70], [85, 57], [96, 49], [96, 49], [98, 49], [98, 50], [67, 83], [85, 62], [70, 78], [84, 57], [90, 58], [87, 59], [93, 57], [94, 55], [91, 35, 24], [78, 44, 27], [80, 69], [98, 43], [91, 55], [83, 64], [92, 58], [86, 58], [93, 57], [69, 76], [79, 44, 27], [82, 60], [84, 66], [84, 60], [74, 73], [30, 74, 33], [80, 70], [73, 73], [84, 55], [84, 47], [82, 62], [71, 79], [72, 78], [81, 36, 32], [73, 46, 29], [45, 41, 45], [43, 33, 42, 32], [42, 43, 26, 38], [46, 42, 41, 20], [37, 38, 38, 36], [39, 36, 42, 28], [42, 43, 39, 23], [41, 33, 30, 30], [25, 25, 23]]
41 :  49   [[83, 67], [81, 62], [84, 57], [86, 62], [96, 49], [85, 64], [80, 70], [94, 55], [98, 49], [91, 55], [84, 60], [92, 58], [84, 57], [91, 59], [85, 58], [73, 71], [93, 57], [93, 55], [78, 70], [82, 50], [98, 49], [98, 45], [87, 30, 33], [82, 57], [78, 69], [80, 38, 32], [96, 46], [90, 58], [78, 70], [84, 43, 20], [78, 72], [83, 66], [74, 73], [80, 69], [79, 69], [73, 76], [26, 84, 39], [79, 44, 25], [74, 73], [35, 47, 60], [36, 41, 43, 30], [36, 42, 46, 23], [42, 36, 42, 30], [43, 45, 43], [39, 32, 33, 44], [38, 38, 42, 28], [33, 42, 41, 29], [41, 37, 24, 27], [23, 27, 25]]
42 :  49   [[80, 64], [69, 73], [73, 74], [96, 41], [96, 49], [83, 57], [92, 55], [98, 46], [84, 62], [90, 60], [91, 58], [93, 49], [93, 57], [98, 45], [98, 50], [81, 69], [94, 55], [82, 58], [80, 70], [79, 43, 27], [84, 66], [78, 70], [85, 60], [87, 58], [84, 41, 24], [83, 67], [91, 59], [84, 62], [86, 55], [85, 57], [82, 57], [84, 43, 23], [43, 78, 28], [80, 70], [74, 33, 42], [71, 79], [76, 43, 30], [78, 72], [73, 73], [78, 69], [42, 49, 32, 23], [44, 42, 38, 25], [42, 41, 38, 27], [37, 39, 46, 26], [36, 47, 38, 29], [36, 42, 33, 35], [44, 45, 39, 20], [32, 36, 33, 30], [30, 25]]
43 :  49   [[93, 57], [78, 70], [98, 49], [96, 44], [86, 58], [79, 69], [73, 73], [94, 55], [78, 70], [92, 46], [91, 57], [67, 80], [96, 44], [98, 46], [98, 50], [91, 58], [74, 73], [87, 60], [83, 60], [73, 72], [84, 25, 35], [85, 64], [90, 55], [85, 32, 32], [83, 66], [93, 57], [84, 59], [74, 39, 37], [84, 57], [84, 62], [81, 58], [70, 80], [82, 55], [82, 43, 25], [78, 69], [84, 36, 30], [80, 42, 23], [79, 47, 23], [78, 71], [76, 69], [62, 41, 45], [49, 33, 49], [42, 43, 39, 24], [42, 45, 36, 27], [42, 38, 41, 28], [36, 43, 43, 26], [42, 33, 38, 30], [38, 41, 30, 33], [27, 29, 20]]
44 :  49   [[96, 49], [98, 46], [79, 69], [98, 50], [90, 57], [84, 55], [96, 41], [98, 49], [92, 57], [80, 60], [87, 55], [84, 64], [85, 58], [82, 67], [78, 70], [94, 55], [80, 70], [91, 58], [93, 57], [84, 66], [85, 42, 23], [79, 70], [83, 62], [84, 42, 24], [73, 73], [78, 42, 30], [93, 57], [86, 60], [76, 74], [91, 45], [27, 73, 41], [84, 59], [80, 69], [78, 37, 33], [73, 74], [58, 69, 23], [81, 45, 20], [83, 43], [78, 72], [47, 71, 30], [82, 44], [62, 46, 32], [33, 38, 49, 30], [44, 42, 36, 28], [38, 35, 41, 36], [38, 42, 43, 26], [33, 43, 43, 29], [36, 39, 39, 32], [27, 25, 25]]
45 :  49   [[83, 64], [90, 59], [98, 44], [98, 26, 25], [73, 76], [92, 57], [93, 49], [91, 55], [91, 58], [72, 78], [94, 55], [70, 80], [84, 60], [85, 43, 20], [82, 57], [96, 50], [81, 69], [98, 49], [80, 70], [30, 84, 36], [82, 66], [84, 62], [93, 57], [87, 60], [58, 86], [85, 62], [73, 70], [74, 73], [96, 43], [83, 58], [84, 57], [78, 71], [84, 55], [74, 45, 28], [79, 69], [78, 67], [80, 69], [73, 41, 36], [79, 44, 25], [78, 45, 23], [38, 38, 43, 30], [46, 49, 46], [38, 42, 39, 27], [33, 24, 42, 47], [42, 41, 41, 23], [32, 43, 35, 33], [42, 36, 37, 33], [27, 42, 39, 32], [29, 30]]
46 :  49   [[62, 84], [83, 64], [98, 50], [85, 62], [96, 49], [82, 67], [94, 55], [92, 58], [93, 55], [98, 49], [80, 69], [96, 49], [93, 57], [84, 60], [46, 70, 29], [91, 57], [87, 30, 33], [83, 46, 20], [79, 71], [86, 59], [91, 58], [73, 74], [82, 44, 23], [90, 43], [78, 72], [84, 60], [69, 81], [84, 43], [85, 55], [78, 70], [98, 44], [73, 74], [38, 80, 32], [84, 42, 24], [78, 41, 30], [76, 73], [45, 69, 36], [79, 70], [66, 73], [80, 45, 23], [41, 78, 26], [57, 58, 32], [57, 47, 41], [42, 37, 42, 25], [42, 36, 43, 27], [27, 43, 38, 30], [33, 39, 39, 38], [42, 36, 33, 28], [35, 25]]
47 :  49   [[82, 66], [92, 58], [93, 57], [84, 58], [79, 71], [96, 49], [85, 62], [91, 58], [91, 42], [93, 38], [98, 41], [98, 45], [83, 67], [98, 43], [96, 44], [90, 60], [84, 41, 25], [70, 80], [73, 74], [84, 62], [38, 84, 27], [81, 69], [69, 78], [85, 60], [78, 70], [84, 59], [43, 74, 32], [70, 79], [94, 55], [86, 64], [72, 73], [87, 57], [78, 69], [73, 76], [80, 47, 23], [80, 41, 28], [83, 46, 20], [82, 39, 29], [49, 73, 27], [55, 78], [57, 49, 44], [55, 46, 43], [50, 57, 43], [32, 33, 42, 42], [45, 42, 36, 26], [39, 42, 36, 30], [33, 30, 38, 36], [33, 35, 37, 30], [25, 23, 24]]
48 :  49   [[82, 64], [98, 41], [92, 58], [90, 55], [93, 57], [69, 81], [91, 57], [96, 42], [78, 38, 33], [50, 76, 23], [45, 80, 24], [85, 62], [73, 73], [98, 49], [98, 47], [78, 42, 27], [80, 57], [94, 55], [93, 57], [86, 59], [87, 60], [84, 26, 39], [84, 62], [74, 74], [84, 66], [96, 49], [84, 39, 25], [91, 33, 25], [85, 60], [83, 45, 20], [82, 67], [73, 73], [78, 70], [79, 69], [79, 70], [80, 69], [83, 58], [43, 72, 35], [84, 55], [78, 71], [44, 70, 36], [41, 46, 49], [43, 38, 38, 30], [46, 42, 58], [44, 43, 42], [36, 42, 43, 27], [37, 36, 41, 32], [32, 30, 33, 29, 23], [30, 28]]
49 :  49   [[86, 64], [93, 57], [96, 49], [98, 49], [82, 67], [98, 49], [23, 42, 84], [92, 39], [94, 55], [91, 58], [70, 78], [84, 66], [80, 70], [96, 43], [82, 44, 24], [84, 60], [91, 58], [79, 71], [85, 62], [90, 57], [98, 27, 25], [84, 59], [80, 69], [69, 78], [79, 69], [83, 50], [93, 57], [72, 78], [80, 70], [81, 62], [87, 58], [84, 57], [83, 60], [74, 73], [42, 78, 30], [85, 55], [74, 55, 20], [73, 76], [73, 73], [46, 45, 33, 23], [42, 44, 38, 26], [47, 43, 33, 27], [41, 42, 45], [43, 36, 38, 32], [43, 33, 41, 32], [41, 38, 42, 29], [35, 46, 30, 39], [37, 36, 28, 36], [30, 25]]
50 :  49   [[91, 57], [98, 38], [55, 84], [93, 57], [96, 50], [80, 70], [94, 55], [92, 58], [86, 58], [93, 57], [90, 60], [78, 70], [98, 49], [80, 69], [73, 73], [96, 49], [84, 60], [85, 45], [98, 42], [85, 64], [79, 70], [80, 69], [87, 62], [84, 66], [84, 62], [91, 57], [78, 49, 23], [72, 69], [74, 74], [82, 67], [78, 71], [83, 55], [76, 73], [84, 43, 23], [42, 82, 26], [79, 59], [45, 78, 25], [73, 58], [83, 44, 20], [43, 81, 25], [44, 27, 46, 33], [30, 38, 41, 38], [47, 42, 36, 24], [43, 35, 43, 29], [41, 32, 42, 33], [46, 33, 42, 28], [30, 41, 39, 39], [36, 37, 36, 32], [30, 27]]
51 :  49   [[82, 66], [90, 55], [82, 64], [93, 57], [98, 50], [98, 27, 25], [96, 49], [98, 49], [58, 85], [76, 70], [83, 60], [91, 57], [84, 62], [78, 69], [84, 58], [83, 42, 23], [84, 57], [81, 69], [94, 25, 30], [93, 57], [58, 91], [96, 44], [84, 59], [85, 60], [86, 55], [78, 72], [78, 71], [80, 70], [79, 62], [73, 73], [92, 47], [87, 55], [74, 74], [84, 42, 24], [67, 80], [80, 43, 27], [73, 73], [78, 70], [38, 79, 33], [69, 49, 26], [46, 46, 42], [45, 42, 41, 20], [41, 41, 44, 23], [30, 45, 42, 32], [39, 43, 38, 30], [38, 36, 32, 43], [35, 43, 36, 36], [39, 33, 37, 29], [28, 33]]
52 :  49   [[85, 62], [98, 46], [85, 60], [83, 57], [93, 57], [96, 43], [80, 42, 27], [98, 49], [96, 44], [79, 71], [84, 60], [91, 58], [74, 73], [72, 78], [81, 69], [93, 57], [82, 64], [98, 42], [83, 67], [58, 86], [94, 55], [74, 69], [91, 49], [92, 57], [84, 37, 26], [80, 70], [90, 55], [78, 70], [73, 73], [84, 62], [78, 43, 27], [87, 59], [69, 80], [79, 45, 25], [58, 84], [66, 78], [82, 43, 25], [84, 55], [70, 76], [73, 49, 28], [50, 45, 42], [38, 36, 43, 33], [46, 42, 47], [35, 41, 41, 32], [44, 42, 38, 24], [39, 36, 36, 39], [41, 38, 30, 30], [33, 32, 33, 30, 20], [23, 29, 23]]
53 :  49   [[93, 55], [96, 49], [91, 58], [96, 50], [85, 64], [80, 36, 30], [82, 66], [73, 76], [91, 58], [80, 57], [59, 84], [98, 44], [98, 46], [94, 55], [82, 29, 39], [92, 58], [84, 62], [90, 60], [78, 69], [70, 78], [98, 43], [87, 60], [86, 62], [69, 79], [80, 70], [78, 26, 42], [93, 41], [37, 84, 27], [85, 57], [73, 73], [78, 71], [83, 67], [69, 81], [74, 74], [47, 72, 30], [84, 44, 20], [84, 57], [83, 57], [79, 70], [73, 42, 32], [55, 49, 42], [49, 43, 46], [36, 43, 35, 33], [38, 45, 42, 25], [45, 41, 38, 25], [39, 38, 43, 27], [36, 41, 42, 30], [33, 33, 32, 28, 23], [24, 23]]
54 :  49   [[57, 93], [69, 69], [83, 58], [94, 55], [98, 50], [80, 57], [74, 74], [98, 49], [93, 57], [82, 67], [98, 42], [80, 70], [80, 70], [91, 58], [90, 60], [76, 73], [84, 55], [83, 62], [96, 43], [92, 58], [86, 60], [45, 78, 27], [96, 45], [84, 66], [78, 72], [78, 71], [85, 62], [73, 73], [84, 59], [85, 64], [78, 70], [91, 25, 28], [81, 69], [87, 55], [84, 38, 27], [79, 41, 30], [84, 57], [73, 36, 41], [82, 39, 29], [79, 42, 25], [49, 43, 47], [49, 46, 44], [42, 37, 42, 23], [39, 43, 43, 24], [38, 35, 42, 33], [44, 46, 36, 23], [36, 38, 41, 32], [33, 32, 30, 33, 20], [30, 26]]
55 :  49   [[93, 57], [84, 58], [78, 69], [98, 49], [82, 33, 32], [67, 83], [91, 57], [86, 64], [92, 57], [79, 70], [98, 46], [96, 46], [91, 58], [96, 41], [80, 70], [84, 66], [55, 93], [84, 60], [76, 73], [87, 62], [82, 60], [85, 25, 39], [80, 69], [94, 55], [98, 50], [85, 62], [84, 55], [79, 71], [73, 73], [90, 58], [83, 41, 25], [81, 69], [72, 78], [74, 73], [84, 43, 23], [78, 70], [80, 57], [74, 42, 33], [78, 49, 23], [59, 45, 42], [49, 36, 43, 20], [43, 38, 42, 27], [38, 44, 42, 26], [35, 44, 47], [41, 30, 45, 29], [43, 42, 33, 32], [38, 37, 36, 39], [36, 30, 27, 30, 24], [28]]
56 :  49   [[91, 57], [98, 42], [84, 58], [38, 84, 28], [98, 46], [91, 57], [90, 60], [96, 50], [94, 55], [84, 60], [96, 49], [93, 49], [85, 64], [98, 35], [80, 62], [93, 57], [73, 74], [92, 43], [74, 73], [69, 80], [72, 78], [78, 70], [80, 70], [86, 58], [82, 67], [87, 59], [83, 62], [42, 79, 27], [85, 55], [83, 57], [82, 66], [42, 78, 23], [73, 76], [84, 36, 25], [69, 78], [73, 69], [81, 43, 26], [79, 71], [84, 27, 38], [47, 70, 33], [33, 39, 37, 41], [43, 42, 38, 24], [55, 45, 49], [58, 45, 43], [41, 39, 46, 23], [44, 41, 44, 20], [42, 36, 30, 36], [32, 30, 33, 29, 25], [30, 32]]
57 :  49   [[93, 57], [94, 55], [96, 49], [98, 42], [80, 70], [69, 79], [92, 58], [58, 91], [83, 57], [98, 49], [78, 70], [98, 45], [90, 55], [96, 50], [85, 62], [73, 74], [81, 67], [45, 93], [91, 55], [87, 57], [84, 66], [73, 70], [80, 38, 32], [86, 58], [84, 60], [79, 69], [82, 64], [85, 62], [84, 60], [78, 69], [71, 78], [84, 39, 23], [43, 80, 25], [83, 41, 24], [82, 39, 29], [76, 74], [59, 41, 42], [84, 44, 20], [78, 72], [73, 73], [47, 46, 57], [43, 46, 38], [27, 43, 49, 30], [41, 42, 38, 27], [43, 30, 44, 33], [42, 33, 36, 37], [36, 36, 42, 32], [35, 28, 33, 30, 23], [26, 25]]
58 :  49   [[70, 80], [83, 67], [93, 57], [98, 49], [98, 42], [91, 57], [98, 49], [96, 49], [94, 55], [83, 60], [79, 70], [85, 60], [93, 57], [96, 50], [86, 44], [92, 58], [91, 55], [84, 41, 25], [80, 69], [87, 62], [78, 70], [90, 59], [45, 78, 27], [84, 64], [76, 72], [84, 57], [78, 69], [82, 66], [78, 71], [73, 74], [42, 79, 29], [84, 38, 28], [84, 55], [73, 73], [81, 69], [85, 62], [82, 43, 24], [80, 58], [73, 74], [43, 58, 42], [46, 47, 44], [42, 36, 41, 30], [45, 43, 36, 25], [42, 36, 39, 30], [43, 37, 39, 26], [46, 30, 33, 41], [33, 33, 38, 35], [32, 38, 27, 32, 20], [23, 23]]
59 :  48   [[85, 64], [98, 45], [96, 47], [98, 49], [84, 66], [86, 58], [83, 59], [80, 69], [91, 57], [78, 70], [84, 42, 24], [98, 50], [93, 55], [96, 49], [71, 79], [82, 67], [79, 69], [84, 60], [93, 55], [94, 55], [91, 58], [83, 29, 36], [70, 80], [84, 62], [74, 76], [80, 70], [82, 62], [92, 57], [81, 69], [87, 60], [90, 57], [85, 57], [32, 84, 30], [78, 49, 23], [73, 74], [78, 72], [73, 73], [73, 44, 32], [78, 46, 26], [42, 42, 45, 20], [58, 44, 43], [33, 42, 43, 25], [38, 39, 36, 37], [41, 41, 41, 27], [43, 36, 43, 25], [46, 39, 28, 35], [38, 42, 30, 38], [33, 33, 30, 27, 23]]
60 :  49   [[93, 57], [94, 55], [78, 70], [84, 43, 23], [96, 46], [86, 58], [82, 57], [79, 70], [98, 47], [83, 67], [98, 45], [82, 60], [79, 69], [93, 57], [80, 69], [84, 45, 20], [96, 49], [74, 74], [59, 85], [73, 73], [84, 41, 25], [90, 60], [92, 49], [73, 76], [87, 62], [81, 58], [85, 38, 26], [98, 49], [91, 58], [69, 80], [72, 78], [80, 70], [71, 78], [91, 57], [84, 66], [64, 78], [73, 50, 27], [83, 44], [62, 84], [55, 55, 36], [43, 46, 42], [43, 38, 43, 25], [44, 33, 36, 35], [41, 42, 42, 24], [37, 42, 33, 38], [42, 39, 41, 27], [30, 32, 36, 39], [33, 32, 30, 29, 23], [30, 28]]
61 :  49   [[74, 74], [87, 58], [98, 50], [98, 49], [91, 57], [84, 55], [71, 79], [98, 44], [80, 70], [94, 55], [85, 62], [73, 70], [84, 66], [96, 49], [82, 59], [96, 49], [85, 41, 24], [78, 72], [91, 57], [80, 39, 27], [82, 67], [93, 57], [90, 60], [92, 58], [84, 62], [86, 55], [83, 58], [83, 64], [78, 70], [93, 57], [73, 76], [79, 69], [84, 47], [80, 69], [78, 69], [84, 60], [73, 73], [78, 45, 27], [81, 43, 26], [46, 39, 42, 23], [43, 41, 43, 23], [44, 45, 33, 28], [38, 42, 42, 25], [37, 46, 33, 33], [38, 43, 36, 32], [42, 38, 36, 30], [35, 41, 42, 32], [36, 30, 29, 30, 25], [20]]
62 :  49   [[78, 70], [93, 57], [94, 55], [86, 60], [84, 41, 24], [96, 49], [82, 66], [96, 50], [98, 49], [85, 57], [91, 58], [98, 47], [55, 91], [98, 49], [74, 43, 33], [90, 60], [81, 58], [80, 69], [87, 58], [85, 45], [92, 43], [84, 59], [84, 62], [70, 80], [70, 73], [84, 62], [83, 67], [93, 57], [82, 64], [76, 73], [79, 71], [78, 69], [78, 72], [83, 44, 23], [79, 69], [80, 57], [84, 55], [74, 73], [78, 42, 30], [73, 36, 38], [39, 42, 43, 25], [41, 41, 42, 25], [46, 42, 39, 23], [43, 33, 46, 28], [38, 42, 35, 33], [36, 37, 44, 30], [38, 45, 36, 29], [20, 30, 32, 32, 27], [27, 26]]
63 :  49   [[91, 57], [85, 62], [57, 39, 49], [98, 50], [86, 59], [82, 66], [84, 62], [78, 69], [79, 71], [73, 76], [98, 35], [73, 69], [92, 58], [94, 55], [96, 46], [98, 49], [91, 58], [96, 44], [87, 47], [93, 57], [64, 84], [93, 55], [78, 72], [84, 43, 23], [78, 70], [74, 55, 20], [84, 36, 30], [45, 78, 25], [80, 70], [90, 58], [82, 67], [73, 73], [80, 42, 27], [83, 60], [80, 41, 28], [79, 69], [85, 57], [84, 60], [81, 43, 26], [83, 42, 23], [74, 70], [45, 42, 32, 30], [49, 44, 43], [43, 39, 38, 30], [42, 38, 36, 33], [46, 36, 41, 27], [32, 41, 42, 33], [38, 37, 33, 24], [29, 25]]
64 :  49   [[84, 59], [84, 45, 20], [85, 57], [98, 49], [98, 50], [84, 58], [85, 58], [83, 66], [90, 60], [82, 64], [96, 49], [87, 62], [93, 57], [74, 73], [93, 57], [91, 55], [72, 78], [96, 44], [98, 46], [36, 83, 30], [84, 62], [92, 58], [91, 42], [67, 80], [94, 55], [81, 69], [84, 60], [80, 70], [74, 73], [79, 70], [78, 44, 23], [69, 78], [86, 57], [41, 80, 29], [42, 76, 32], [79, 69], [73, 73], [82, 43, 25], [78, 41, 30], [70, 71], [42, 46, 49], [45, 42, 55], [43, 42, 43], [36, 38, 43, 32], [36, 47, 38, 28], [37, 35, 39, 30], [41, 39, 33, 33], [38, 27, 33, 27, 25], [26, 23, 24]]
65 :  49   [[80, 36, 30], [74, 73], [90, 58], [84, 66], [96, 49], [98, 49], [85, 32, 33], [57, 93], [98, 49], [93, 57], [91, 23, 33], [91, 58], [50, 98], [84, 62], [69, 81], [96, 45], [60, 84], [92, 57], [85, 60], [80, 70], [84, 43, 23], [47, 70, 33], [82, 64], [87, 62], [94, 55], [78, 71], [83, 67], [82, 59], [79, 70], [84, 29, 36], [76, 43, 30], [79, 69], [80, 69], [78, 72], [58, 86], [83, 55], [78, 46, 25], [78, 37, 35], [44, 73, 30], [73, 74], [73, 41, 32], [43, 57, 41], [42, 42, 43, 20], [45, 42, 44], [41, 42, 38, 27], [55, 38, 46], [38, 42, 39, 28], [36, 39, 27, 25], [26, 24]]
66 :  49   [[92, 58], [84, 62], [62, 82], [84, 58], [96, 50], [84, 55], [93, 57], [98, 49], [96, 49], [83, 66], [73, 74], [85, 59], [93, 57], [84, 60], [98, 49], [42, 78, 27], [94, 42], [91, 57], [98, 47], [78, 71], [79, 70], [83, 57], [90, 55], [91, 55], [81, 69], [85, 64], [86, 58], [84, 60], [87, 33, 30], [79, 69], [80, 69], [78, 67], [82, 43, 23], [76, 73], [78, 70], [73, 74], [80, 70], [80, 36, 32], [72, 73], [36, 45, 42, 27], [39, 43, 39, 29], [44, 46, 46], [36, 41, 43, 28], [38, 42, 43, 25], [44, 33, 42, 20], [37, 45, 38, 30], [41, 41, 38, 30], [35, 33, 32, 26, 24], [25, 23]]
67 :  49   [[84, 38, 27], [91, 57], [79, 71], [96, 45], [86, 62], [87, 58], [81, 42, 26], [84, 62], [91, 58], [93, 55], [76, 74], [94, 30, 25], [98, 49], [98, 42], [90, 57], [98, 49], [85, 64], [93, 57], [69, 79], [84, 66], [82, 60], [73, 73], [69, 80], [69, 78], [84, 57], [80, 70], [96, 49], [92, 58], [80, 70], [78, 46, 23], [83, 67], [82, 39, 25], [73, 74], [83, 60], [84, 55], [85, 55], [78, 72], [73, 43, 33], [78, 70], [38, 44, 41, 27], [59, 47, 42], [50, 29, 46, 23], [43, 38, 42, 24], [44, 32, 41, 33], [43, 41, 43, 20], [39, 36, 45, 30], [36, 36, 30, 33], [42, 37, 32, 35], [28]]
68 :  49   [[96, 49], [98, 50], [67, 80], [91, 58], [69, 79], [76, 74], [70, 80], [42, 78, 28], [87, 62], [84, 59], [98, 49], [91, 58], [92, 42], [60, 85], [96, 49], [94, 55], [84, 66], [90, 57], [85, 57], [93, 57], [78, 72], [82, 64], [84, 41, 25], [93, 55], [84, 57], [98, 44], [73, 73], [86, 55], [80, 70], [83, 62], [84, 41, 23], [82, 60], [78, 46, 26], [83, 45, 20], [73, 70], [78, 69], [79, 71], [81, 42, 24], [58, 73], [74, 43, 33], [69, 47, 30], [41, 36, 43, 30], [46, 44, 45], [43, 39, 38, 30], [43, 42, 33, 32], [42, 38, 36, 33], [36, 38, 37, 39], [35, 29, 32, 27, 27], [25, 23]]
69 :  49   [[85, 57], [79, 67], [70, 78], [93, 57], [98, 49], [84, 62], [69, 78], [96, 46], [85, 58], [91, 58], [78, 70], [79, 71], [93, 57], [98, 50], [94, 55], [84, 62], [87, 38, 24], [84, 42, 23], [45, 42, 55], [98, 49], [84, 66], [83, 60], [86, 44], [82, 64], [42, 76, 32], [69, 74], [74, 73], [96, 49], [92, 57], [73, 73], [84, 59], [78, 72], [90, 60], [73, 47, 30], [81, 69], [91, 58], [80, 70], [80, 46, 23], [83, 42, 25], [82, 39, 29], [80, 42, 25], [41, 33, 44, 28], [55, 43, 43], [37, 33, 43, 35], [43, 38, 36, 32], [36, 41, 41, 30], [45, 36, 39, 30], [38, 33, 27, 27, 20], [26]]
70 :  49   [[78, 72], [96, 44], [98, 49], [98, 43], [92, 58], [86, 62], [90, 57], [85, 64], [84, 66], [93, 49], [80, 69], [93, 57], [83, 67], [74, 73], [84, 30, 33], [84, 55], [76, 74], [32, 84, 30], [73, 41, 36], [91, 58], [96, 43], [94, 55], [98, 49], [69, 80], [83, 57], [91, 58], [78, 70], [60, 87], [82, 59], [73, 73], [62, 84], [78, 70], [71, 79], [79, 70], [82, 43, 25], [81, 69], [85, 55], [80, 45, 23], [42, 78, 29], [46, 42, 45], [42, 60, 42], [57, 42, 50], [47, 38, 38, 27], [41, 41, 38, 27], [39, 32, 28, 26, 25], [43, 36, 44, 23], [46, 39, 35, 30], [37, 33, 36, 33], [24, 20]]
71 :  49   [[79, 60], [98, 49], [87, 62], [73, 73], [98, 49], [83, 58], [85, 42, 23], [60, 86], [91, 57], [84, 66], [84, 57], [70, 80], [84, 59], [93, 57], [78, 69], [93, 57], [82, 67], [72, 78], [90, 43], [96, 49], [98, 47], [92, 58], [84, 62], [78, 71], [96, 46], [85, 64], [80, 70], [84, 55], [79, 69], [94, 55], [91, 58], [73, 73], [80, 69], [55, 81], [78, 45, 27], [74, 74], [83, 45, 20], [82, 42, 25], [76, 33, 41], [38, 44, 43, 23], [38, 70, 38], [37, 33, 44, 36], [36, 42, 42, 30], [41, 35, 43, 30], [50, 28, 42, 30], [46, 43, 36, 25], [41, 39, 24, 39], [32, 26, 33, 27, 32], [29]]
72 :  49   [[98, 36], [72, 78], [90, 55], [93, 57], [98, 49], [91, 55], [93, 57], [66, 84], [98, 49], [85, 57], [84, 59], [82, 62], [91, 30, 27], [79, 64], [92, 43], [96, 42], [69, 81], [82, 67], [86, 60], [83, 41, 26], [84, 58], [80, 70], [96, 49], [94, 50], [87, 58], [84, 62], [85, 58], [80, 69], [84, 57], [73, 74], [78, 70], [79, 69], [74, 73], [76, 73], [43, 83, 24], [78, 42, 29], [78, 71], [80, 70], [39, 44, 46, 20], [47, 73, 27], [55, 44, 46], [60, 41, 42], [38, 39, 43, 30], [36, 43, 41, 30], [45, 42, 38, 25], [42, 32, 38, 33], [45, 37, 36, 32], [33, 35, 23, 33, 25], [28, 23]]
73 :  49   [[96, 49], [98, 45], [78, 71], [86, 55], [90, 58], [98, 50], [98, 49], [85, 62], [84, 62], [57, 47, 41], [84, 60], [93, 57], [70, 80], [91, 58], [96, 49], [83, 59], [60, 74], [35, 78, 33], [85, 42, 23], [87, 57], [79, 70], [91, 57], [67, 82], [84, 43, 23], [84, 66], [73, 73], [81, 69], [94, 55], [93, 44], [79, 69], [84, 38, 27], [73, 74], [78, 72], [76, 73], [42, 78, 25], [80, 70], [64, 83], [80, 69], [92, 58], [82, 44, 24], [55, 41, 45], [43, 43, 36, 27], [42, 43, 36, 25], [41, 46, 30, 33], [46, 38, 33, 32], [42, 42, 39, 26], [38, 36, 39, 28], [37, 32, 29, 30, 20], [30]]
74 :  49   [[98, 49], [96, 50], [80, 69], [85, 57], [84, 62], [76, 74], [93, 57], [73, 74], [71, 79], [94, 55], [80, 70], [93, 57], [91, 58], [98, 43], [90, 60], [87, 60], [96, 49], [82, 64], [55, 79], [98, 49], [85, 55], [83, 44, 23], [84, 66], [86, 59], [92, 58], [83, 67], [91, 58], [84, 30, 36], [78, 70], [45, 78, 25], [73, 70], [84, 62], [72, 78], [78, 45, 27], [80, 69], [84, 33, 33], [81, 42, 27], [82, 46, 20], [42, 44, 41], [73, 73], [43, 57, 46], [41, 42, 39, 28], [69, 30, 43], [47, 39, 43], [36, 42, 42, 29], [41, 38, 38, 33], [37, 38, 36, 35], [32, 30, 32, 25, 26], [24, 23]]
75 :  49   [[78, 72], [83, 67], [92, 49], [85, 62], [80, 69], [98, 49], [84, 58], [93, 55], [96, 44], [90, 60], [84, 66], [84, 39, 27], [85, 62], [80, 70], [98, 49], [70, 73], [84, 43, 23], [73, 73], [98, 46], [91, 59], [94, 55], [93, 43], [74, 45, 23], [64, 82], [81, 57], [73, 46, 30], [87, 58], [82, 43, 25], [80, 69], [71, 79], [96, 50], [91, 58], [70, 78], [84, 57], [78, 69], [86, 57], [76, 74], [83, 60], [47, 57, 45], [78, 42, 29], [79, 43, 27], [55, 41, 41], [30, 42, 33, 39], [42, 36, 37, 33], [44, 42, 38, 26], [38, 42, 36, 32], [36, 41, 38, 32], [35, 33, 30, 28, 24], [25, 20]]
76 :  49   [[92, 57], [98, 49], [81, 69], [98, 49], [74, 76], [85, 62], [93, 57], [70, 80], [87, 60], [83, 57], [78, 69], [96, 49], [84, 60], [98, 36], [82, 67], [84, 62], [72, 74], [84, 66], [96, 50], [70, 80], [93, 57], [69, 80], [91, 59], [71, 70], [91, 58], [84, 58], [85, 64], [94, 55], [79, 55], [83, 42, 24], [90, 43], [84, 58], [73, 73], [86, 55], [82, 46, 20], [78, 44, 27], [73, 73], [79, 42, 29], [78, 43, 25], [78, 42, 30], [43, 45, 38, 23], [39, 32, 36, 42], [36, 45, 42, 26], [47, 33, 43, 27], [46, 44, 32, 28], [41, 38, 41, 30], [39, 41, 35, 33], [38, 37, 33, 30], [25, 23]]
77 :  49   [[93, 57], [66, 84], [73, 74], [58, 92], [94, 55], [78, 49, 23], [83, 67], [98, 49], [98, 50], [87, 60], [84, 33, 32], [78, 69], [93, 57], [96, 46], [96, 49], [98, 43], [91, 58], [70, 80], [74, 62], [69, 81], [90, 59], [70, 80], [82, 60], [83, 39, 27], [84, 55], [91, 57], [73, 73], [73, 76], [85, 45], [82, 36, 30], [55, 84], [86, 62], [64, 85], [71, 79], [78, 72], [84, 57], [78, 42, 26], [80, 69], [79, 70], [42, 43, 44, 20], [42, 58, 46], [44, 47, 41], [41, 42, 43, 23], [45, 42, 36, 27], [37, 41, 33, 38], [39, 43, 38, 30], [29, 25, 28, 36, 30], [38, 35, 33, 32], [24, 25]]
78 :  49   [[84, 60], [96, 49], [81, 67], [82, 44, 23], [98, 42], [96, 50], [91, 57], [82, 59], [58, 91], [84, 62], [74, 76], [84, 45, 20], [69, 79], [98, 49], [79, 69], [90, 60], [64, 69], [98, 49], [80, 70], [78, 72], [71, 78], [86, 62], [93, 57], [93, 55], [85, 55], [92, 58], [70, 80], [84, 66], [94, 55], [85, 47], [87, 38, 25], [73, 74], [78, 70], [83, 58], [84, 57], [43, 83, 24], [46, 73, 29], [36, 73, 38], [42, 45, 43], [80, 42, 28], [73, 32, 44], [43, 78, 27], [42, 43, 33, 32], [46, 57, 41], [41, 37, 35, 33], [33, 39, 42, 36], [41, 39, 38, 30], [26, 30, 36, 30, 27], [25, 23]]
79 :  49   [[93, 49], [91, 58], [98, 49], [85, 60], [79, 69], [92, 58], [98, 43], [96, 50], [82, 66], [96, 49], [86, 58], [94, 55], [84, 57], [78, 70], [43, 83, 23], [73, 76], [98, 42], [91, 57], [80, 70], [82, 67], [84, 57], [80, 69], [74, 73], [73, 72], [87, 62], [62, 84], [90, 59], [93, 57], [84, 60], [84, 64], [78, 71], [85, 55], [42, 74, 32], [35, 78, 33], [83, 44, 23], [81, 69], [79, 70], [55, 42, 46], [78, 46, 26], [43, 80, 25], [73, 47, 29], [45, 36, 41, 27], [41, 42, 38, 28], [41, 42, 45, 20], [32, 39, 38, 36], [43, 44, 38, 25], [39, 36, 33, 37], [30, 30, 33, 30, 27], [24]]
80 :  49   [[98, 50], [93, 57], [98, 45], [85, 64], [84, 66], [82, 67], [84, 62], [91, 58], [92, 58], [74, 73], [78, 49, 23], [93, 55], [83, 59], [90, 60], [81, 41, 27], [79, 58], [82, 60], [91, 57], [87, 57], [98, 46], [86, 55], [94, 55], [96, 45], [74, 76], [78, 70], [78, 70], [80, 69], [69, 73], [83, 42, 25], [84, 57], [96, 39], [85, 43, 20], [84, 62], [80, 70], [79, 71], [84, 30, 36], [80, 69], [72, 78], [43, 33, 73], [73, 44, 30], [49, 47, 43], [39, 42, 42, 27], [49, 33, 42, 24], [38, 30, 42, 38], [26, 36, 41, 46], [32, 41, 43, 29], [38, 36, 33, 37], [28, 44, 35, 32], [23, 25]]
81 :  49   [[96, 43], [98, 49], [94, 55], [83, 41, 24], [74, 73], [84, 60], [93, 57], [84, 64], [84, 43, 23], [93, 57], [98, 46], [78, 70], [85, 62], [83, 59], [96, 49], [98, 49], [29, 79, 39], [92, 57], [87, 62], [85, 60], [76, 72], [90, 58], [91, 58], [80, 69], [81, 58], [80, 70], [70, 79], [82, 66], [78, 71], [86, 43, 20], [80, 69], [91, 57], [84, 39, 27], [55, 84], [82, 67], [74, 73], [78, 69], [78, 45, 26], [73, 73], [46, 42, 55], [44, 50, 47], [33, 43, 33, 38], [36, 38, 42, 30], [41, 42, 42, 25], [44, 30, 38, 28], [42, 27, 36, 45], [36, 30, 41, 37], [33, 32, 35, 32], [25, 23]]
82 :  49   [[98, 49], [73, 73], [96, 49], [85, 57], [83, 58], [91, 57], [98, 49], [94, 55], [70, 79], [90, 60], [79, 66], [78, 71], [96, 42], [91, 58], [81, 69], [69, 80], [85, 57], [98, 50], [93, 57], [93, 55], [92, 55], [86, 64], [84, 62], [82, 62], [74, 76], [74, 70], [84, 41, 25], [83, 44, 23], [70, 80], [84, 60], [73, 73], [84, 45, 20], [82, 67], [87, 47], [78, 72], [42, 84, 24], [46, 80, 23], [78, 69], [78, 46, 26], [32, 42, 41, 33], [44, 38, 41, 27], [42, 42, 45], [36, 43, 30, 36], [59, 58, 33], [43, 36, 38, 32], [43, 33, 43, 30], [37, 38, 39, 35], [39, 27, 28, 30, 25], [29]]
83 :  49   [[38, 67, 45], [98, 49], [81, 69], [62, 85], [74, 73], [91, 58], [80, 70], [93, 57], [82, 55], [80, 70], [83, 58], [98, 47], [85, 57], [96, 49], [82, 62], [93, 57], [87, 60], [96, 50], [98, 46], [90, 55], [86, 59], [92, 58], [84, 64], [74, 33, 41], [80, 70], [69, 79], [94, 45], [91, 57], [78, 69], [60, 84], [84, 66], [72, 78], [84, 55], [79, 71], [73, 73], [73, 38, 26], [78, 46, 25], [84, 42, 23], [43, 83, 23], [78, 43, 28], [42, 76, 32], [49, 43, 44], [42, 43, 36, 29], [36, 39, 44, 30], [38, 42, 41, 27], [27, 41, 42, 39], [35, 32, 37, 33], [36, 33, 30, 30, 20], [25, 24]]
84 :  49   [[87, 57], [83, 62], [96, 49], [98, 45], [90, 49], [93, 57], [85, 57], [84, 62], [78, 64], [98, 50], [80, 70], [84, 58], [80, 70], [78, 69], [98, 49], [79, 47, 24], [94, 55], [84, 42, 23], [73, 74], [91, 55], [86, 60], [93, 57], [92, 58], [96, 46], [85, 43, 20], [72, 73], [83, 67], [76, 71], [82, 55], [91, 58], [81, 69], [70, 79], [74, 73], [84, 66], [82, 60], [42, 73, 33], [84, 42, 23], [80, 41, 26], [43, 78, 27], [78, 69], [59, 43, 41], [43, 30, 42, 33], [44, 30, 36, 36], [45, 38, 39, 28], [38, 41, 42, 29], [46, 36, 38, 30], [33, 44, 32, 35], [37, 39, 32, 27], [25, 25]]
85 :  49   [[78, 70], [84, 66], [96, 49], [98, 49], [93, 57], [90, 60], [93, 43], [62, 84], [94, 55], [82, 59], [84, 42, 24], [87, 57], [78, 70], [91, 58], [76, 74], [73, 70], [98, 50], [98, 47], [96, 41], [83, 60], [86, 58], [81, 69], [79, 69], [80, 64], [82, 57], [91, 44], [73, 45, 32], [84, 62], [83, 67], [80, 69], [92, 49], [71, 78], [84, 55], [85, 33, 30], [72, 78], [73, 32, 45], [80, 38, 30], [79, 58], [85, 57], [39, 43, 42, 26], [74, 73], [33, 42, 46, 28], [55, 44, 36], [25, 46, 43, 36], [39, 42, 43, 25], [42, 37, 41, 30], [38, 41, 36, 35], [33, 38, 27, 29, 23], [27, 23, 20]]
86 :  49   [[96, 49], [98, 50], [98, 42], [98, 49], [79, 69], [93, 57], [86, 64], [96, 49], [84, 57], [79, 71], [92, 58], [83, 67], [80, 70], [87, 62], [36, 84, 30], [91, 58], [94, 55], [78, 70], [73, 74], [81, 69], [84, 66], [60, 82], [91, 58], [84, 62], [78, 60], [82, 42, 23], [47, 93], [73, 74], [84, 57], [80, 70], [83, 55], [73, 76], [80, 69], [55, 85], [90, 57], [78, 72], [85, 45], [73, 59], [46, 78, 25], [33, 43, 44, 30], [44, 43, 28, 33], [46, 36, 43, 25], [42, 41, 43, 23], [41, 42, 41, 26], [38, 42, 45, 24], [39, 38, 38, 33], [39, 36, 32, 37], [20, 27, 35, 32, 30], [29, 27]]
87 :  49   [[94, 55], [93, 49], [78, 57], [91, 58], [57, 90], [98, 43], [91, 57], [85, 64], [98, 50], [73, 73], [96, 49], [78, 70], [96, 44], [87, 62], [98, 46], [93, 55], [78, 72], [92, 58], [84, 66], [84, 60], [86, 62], [80, 69], [73, 74], [83, 60], [81, 69], [80, 70], [84, 59], [85, 47], [82, 67], [82, 33, 33], [83, 58], [84, 55], [80, 39, 28], [84, 42, 24], [79, 69], [74, 76], [79, 30, 37], [78, 70], [71, 73], [41, 42, 41, 23], [44, 57, 45], [49, 42, 38, 20], [30, 43, 38, 36], [39, 42, 45, 23], [36, 43, 29, 42], [36, 30, 46, 38], [41, 43, 32, 27], [26, 35, 33, 27, 25], [32, 25]]
88 :  49   [[85, 60], [80, 70], [93, 55], [85, 64], [98, 49], [69, 80], [90, 60], [93, 57], [86, 58], [83, 58], [92, 58], [70, 80], [83, 66], [73, 74], [87, 62], [94, 55], [84, 62], [98, 49], [82, 57], [91, 57], [96, 44], [78, 67], [98, 50], [91, 59], [78, 70], [74, 76], [73, 49, 25], [84, 55], [96, 44], [84, 57], [84, 42, 24], [84, 43, 23], [81, 69], [79, 71], [78, 72], [82, 43, 25], [73, 73], [79, 39, 29], [69, 78], [42, 45, 41, 20], [43, 42, 38, 27], [46, 33, 38, 32], [39, 38, 47, 26], [42, 46, 41], [43, 36, 42, 28], [45, 33, 41, 30], [35, 37, 36, 33], [32, 36, 30, 30], [23, 27]]
89 :  49   [[86, 58], [98, 49], [85, 62], [98, 46], [78, 69], [84, 60], [78, 70], [90, 55], [72, 78], [96, 50], [96, 49], [98, 49], [93, 57], [82, 67], [84, 62], [91, 57], [92, 58], [79, 69], [87, 55], [94, 55], [82, 66], [84, 41, 25], [93, 57], [83, 59], [81, 69], [85, 64], [91, 47], [73, 73], [78, 70], [80, 45, 24], [45, 80, 23], [84, 58], [73, 73], [74, 76], [80, 70], [83, 44, 23], [84, 36, 30], [43, 71, 32], [79, 60], [74, 43, 33], [39, 43, 42, 25], [57, 42, 46], [41, 44, 42, 20], [38, 42, 43, 27], [36, 33, 30, 38], [37, 33, 39, 41], [42, 38, 32, 36], [27, 35, 28, 29, 30], [26]]
90 :  49   [[92, 58], [74, 76], [96, 42], [93, 57], [70, 80], [94, 55], [98, 49], [80, 69], [82, 58], [96, 49], [86, 60], [84, 64], [73, 73], [70, 80], [85, 62], [45, 98], [84, 42, 23], [84, 60], [37, 87, 25], [90, 57], [78, 71], [98, 50], [91, 59], [79, 69], [78, 43, 29], [70, 79], [84, 66], [83, 67], [74, 72], [84, 62], [91, 58], [93, 57], [85, 49], [69, 78], [78, 36, 30], [73, 73], [83, 57], [47, 55, 44], [82, 43, 24], [27, 38, 44, 39], [81, 41, 26], [55, 45, 42], [43, 46, 43], [41, 39, 46, 23], [36, 42, 42, 30], [36, 33, 41, 38], [38, 32, 33, 32], [35, 33, 30, 28, 20], [27, 25]]
91 :  49   [[78, 70], [96, 50], [96, 46], [83, 67], [82, 30, 38], [98, 49], [98, 49], [84, 59], [78, 71], [94, 33, 23], [93, 57], [70, 80], [98, 46], [78, 70], [92, 57], [87, 55], [91, 58], [82, 38, 30], [93, 57], [84, 62], [84, 60], [91, 58], [80, 69], [83, 66], [73, 73], [85, 60], [84, 58], [74, 73], [72, 78], [84, 55], [80, 69], [79, 69], [79, 64], [86, 62], [90, 57], [81, 33, 29], [76, 74], [73, 45, 32], [85, 30, 32], [43, 39, 37, 26], [55, 43, 41], [36, 49, 42, 23], [42, 38, 42, 27], [44, 43, 42, 20], [43, 44, 35, 27], [47, 42, 45], [41, 39, 36, 33], [36, 41, 28, 25], [24, 25]]
92 :  49   [[72, 78], [98, 50], [98, 46], [96, 49], [94, 55], [84, 57], [81, 69], [90, 32, 28], [93, 57], [91, 49], [85, 60], [92, 58], [98, 46], [70, 80], [91, 58], [83, 62], [93, 57], [45, 74, 30], [96, 49], [83, 59], [80, 70], [86, 64], [45, 80, 25], [42, 84, 24], [85, 62], [87, 58], [84, 60], [84, 55], [84, 42, 23], [79, 69], [73, 73], [78, 71], [82, 67], [76, 73], [70, 78], [69, 79], [66, 82], [78, 43, 26], [74, 73], [41, 38, 39, 32], [43, 33, 44, 30], [55, 43, 42], [42, 42, 57], [47, 43, 41], [36, 41, 30, 36], [36, 33, 44, 37], [38, 38, 35, 33], [29, 39, 27, 27, 25], [23, 20]]
93 :  49   [[58, 92], [84, 36, 28], [85, 60], [98, 49], [82, 62], [84, 60], [90, 55], [98, 47], [96, 45], [94, 41], [86, 62], [98, 49], [91, 59], [87, 55], [93, 57], [93, 57], [96, 43], [73, 73], [84, 58], [76, 74], [81, 69], [66, 84], [85, 57], [79, 69], [91, 57], [70, 80], [55, 84], [73, 74], [82, 67], [80, 70], [80, 69], [42, 78, 30], [83, 64], [83, 46, 20], [78, 72], [78, 70], [25, 79, 44], [78, 71], [58, 49, 38], [43, 33, 73], [32, 44, 41, 33], [37, 42, 42, 29], [42, 43, 39, 26], [36, 43, 38, 30], [50, 45, 27, 27], [35, 38, 42, 32], [46, 41, 36, 25], [39, 33, 30, 23, 24], [23]]
94 :  49   [[98, 49], [84, 58], [96, 37], [81, 69], [64, 84], [80, 70], [58, 86], [98, 49], [94, 55], [93, 57], [98, 47], [83, 55], [78, 72], [73, 74], [80, 70], [96, 45], [87, 57], [55, 91], [93, 57], [91, 59], [84, 41, 25], [92, 57], [85, 44, 20], [80, 43, 27], [78, 70], [85, 60], [76, 74], [90, 60], [84, 62], [78, 69], [84, 58], [69, 79], [78, 71], [82, 66], [49, 83], [82, 67], [79, 62], [33, 73, 42], [73, 73], [43, 50, 30, 26], [36, 42, 42, 30], [35, 43, 42, 24], [38, 45, 39, 27], [43, 42, 32, 33], [44, 23, 46, 36], [38, 41, 46, 25], [39, 38, 41, 30], [28, 33, 36, 32], [29, 23]]
95 :  49   [[91, 57], [84, 66], [98, 50], [98, 49], [86, 58], [91, 42], [82, 43, 25], [87, 60], [47, 96], [84, 64], [83, 58], [94, 55], [78, 71], [83, 67], [96, 46], [92, 58], [70, 80], [78, 70], [84, 60], [84, 57], [93, 57], [93, 55], [85, 62], [78, 69], [78, 41, 29], [82, 42, 23], [81, 69], [69, 80], [90, 59], [76, 73], [98, 49], [85, 62], [73, 73], [84, 33, 33], [79, 70], [57, 80], [79, 44, 27], [43, 72, 33], [73, 74], [74, 41, 35], [43, 46, 42], [39, 44, 55], [32, 45, 42, 30], [45, 42, 41, 20], [38, 38, 30, 43], [49, 38, 36, 27], [36, 39, 37, 36], [25, 23, 30, 32, 28], [26, 24]]
96 :  49   [[98, 49], [60, 73], [84, 58], [94, 55], [90, 59], [84, 62], [78, 71], [91, 55], [82, 67], [80, 70], [74, 73], [70, 80], [98, 50], [98, 49], [96, 49], [83, 57], [96, 44], [80, 69], [91, 58], [92, 58], [93, 57], [32, 76, 42], [82, 64], [85, 38, 26], [86, 62], [85, 42, 23], [83, 66], [73, 74], [69, 78], [93, 57], [84, 43, 23], [72, 78], [81, 57], [79, 70], [84, 60], [78, 46, 25], [87, 42, 20], [73, 44, 33], [79, 69], [84, 36, 25], [46, 33, 33, 38], [55, 43, 39], [47, 42, 45], [45, 41, 41], [43, 30, 39, 38], [30, 43, 42, 30], [36, 36, 41, 37], [35, 28, 32, 29, 24], [27, 27]]
97 :  49   [[91, 57], [90, 60], [96, 49], [82, 67], [71, 74], [72, 78], [85, 62], [69, 80], [73, 73], [83, 59], [96, 50], [78, 70], [87, 62], [98, 46], [76, 70], [86, 64], [78, 70], [98, 49], [92, 58], [81, 69], [57, 85], [94, 28, 27], [84, 43, 23], [91, 58], [93, 57], [69, 79], [80, 60], [66, 84], [84, 57], [93, 55], [82, 55], [98, 49], [73, 73], [84, 42, 24], [84, 36, 30], [78, 58], [55, 83], [41, 80, 27], [74, 33, 42], [79, 44, 23], [33, 43, 36, 30], [44, 43, 41, 20], [39, 42, 39, 30], [46, 45, 42], [41, 38, 43, 25], [42, 45, 32, 29], [33, 47, 32, 38], [36, 37, 38, 35], [26, 25]]
98 :  49   [[78, 70], [93, 57], [84, 42, 24], [96, 49], [78, 62], [70, 80], [98, 43], [87, 60], [96, 49], [49, 57, 43], [74, 76], [92, 57], [91, 59], [84, 58], [85, 64], [79, 71], [42, 78, 30], [98, 46], [86, 60], [82, 67], [84, 50], [83, 66], [85, 55], [98, 47], [83, 62], [93, 57], [80, 69], [73, 73], [91, 58], [94, 55], [90, 55], [84, 42, 23], [82, 45, 23], [44, 69, 36], [43, 72, 25], [81, 69], [84, 39, 27], [79, 70], [73, 73], [78, 42, 29], [80, 43, 27], [74, 44, 32], [38, 58, 45], [46, 41, 42, 20], [41, 41, 36, 32], [38, 33, 37, 38], [35, 39, 33, 33], [36, 28, 30, 30, 26], [25]]
99 :  49   [[94, 44], [93, 57], [69, 80], [98, 46], [98, 50], [91, 57], [96, 49], [91, 59], [92, 55], [98, 49], [84, 60], [90, 58], [82, 60], [83, 64], [76, 70], [74, 73], [93, 55], [83, 57], [85, 45], [87, 57], [79, 69], [84, 62], [80, 70], [84, 42, 24], [82, 66], [85, 41, 23], [74, 73], [80, 70], [96, 49], [58, 86], [47, 78, 25], [69, 81], [79, 71], [78, 46, 26], [73, 73], [78, 72], [37, 84, 29], [84, 39, 27], [78, 67], [58, 44, 43], [36, 43, 43, 28], [41, 42, 42, 25], [42, 62, 36], [41, 27, 55, 23], [43, 38, 38, 30], [45, 32, 42, 30], [38, 36, 39, 33], [35, 33, 33, 32], [30, 20]]
100 :  49   [[98, 47], [94, 55], [70, 57, 23], [84, 64], [84, 43, 23], [98, 46], [96, 49], [91, 58], [82, 44, 24], [91, 32, 27], [80, 60], [84, 66], [85, 36, 27], [90, 42], [93, 57], [93, 57], [83, 62], [69, 79], [86, 58], [96, 49], [84, 62], [85, 58], [84, 57], [92, 55], [78, 72], [78, 70], [82, 43, 25], [87, 60], [80, 70], [98, 49], [79, 69], [73, 76], [78, 42, 30], [59, 80], [78, 71], [83, 67], [81, 69], [55, 50, 45], [74, 73], [74, 73], [73, 45, 32], [43, 46, 38, 20], [42, 42, 36, 30], [39, 38, 41, 30], [44, 38, 42, 25], [33, 39, 43, 33], [41, 41, 36, 29], [37, 33, 35, 28], [26]]
shotest_path_120: ([[85, 64], [98, 45], [96, 47], [98, 49], [84, 66], [86, 58], [83, 59], [80, 69], [91, 57], [78, 70], [84, 42, 24], [98, 50], [93, 55], [96, 49], [71, 79], [82, 67], [79, 69], [84, 60], [93, 55], [94, 55], [91, 58], [83, 29, 36], [70, 80], [84, 62], [74, 76], [80, 70], [82, 62], [92, 57], [81, 69], [87, 60], [90, 57], [85, 57], [32, 84, 30], [78, 49, 23], [73, 74], [78, 72], [73, 73], [73, 44, 32], [78, 46, 26], [42, 42, 45, 20], [58, 44, 43], [33, 42, 43, 25], [38, 39, 36, 37], [41, 41, 41, 27], [43, 36, 43, 25], [46, 39, 28, 35], [38, 42, 30, 38], [33, 33, 30, 27, 23]], 0.9666537037037038)   48